000000001000000000000000100000000
000000011100001000100001110000000
000000011100001101100001110000000
001110000000010101010000000011100
001110000000001000100000000011100
100010000000100000001000000010001
000010000011100000001110000010000
000001000010011000110010000100000
100010000011111101111110000010001
011000000001000000000100000000110
001000000000010101010000000000100
000111000000001101100000000111000
000010000000000000000000000010000
000000000000000000000000000000000
000000000000000000000000000000000
000000100000000000000000001000000
000010100000000000000000001010000
000000100000000000000000001000000
000111000000000000000000000111000
001000000000000000000000000000100
000110000000000000000000000011000
000000000000000000000000000000000
010011010000000000000000010110010
010100010000000000000000010001010
000000001000000000000000100000000
000000000000000000000000000000000
000000101110000000000011101000000
000110100000000000000000001011000
000110000000000000000000000011000
000000000000000000000000000000000
000000011000000000000000110000000
000000110100000000000001011000000
000011100110000000000011001110000
000011100000000000000000001110000
000000000010000000000010000000000
000000001100000000000001100000000