0000000000000000000100000000000000
0000000000000000011100000000000000
0000000000000000100000000000000000
0000000000000000110000000000000000
0000000000000000000000000000000000
0000000000000110000000000000000000
0000000000000101000000000000000000
0000000000000011000000000000000000
0000000000000000000000000000000000
0000000000000000000000000000000000
0000000000000000000000000000000000
0000000000000000000000000000000000
0000000000000000000000000000000000
0000000000000000011000000001100000
1100000000000000101000000010100000
0100000000000110100000000011000000
0101000000000100001100000000001100
0011000000000011000010000000001010
0000001100000000010110000000000010
0000010100000001010000000000000011
0000011000000001100000000000000000
0000000000000000000000000000000000
0000000000000000000000000000000000
0000000000000000000000000000000000
0000000000000000000000000000000000
0000000000000000000000000000000000
0000000000000000001100000000000000
0000000000000000001010000000000000
0000000000000000000110000000000000
0000000000000000000000000000000000
0000000000000000110000000000000000
0000000000000000010000000000000000
0000000000000011100000000000000000
0000000000000010000000000000000000