00000001000000010000000110000000000000
00000001110000011100000110000000000000
00000000001000000010000000000000000000
00000000011000000110000000000000000110
00000000000000000000000000000011001001
00000000000000000000000000000010100110
00000000000000000000000000000000011000
00000100000000000000000000000000001000
00000111000000000000000000000000001011
00000000100000000000000000000001101001
00000001100000000000000000000001101100
00000000000000000000000000000000000000
00000000000000000000000000000000000000
00000000000000000100000000000000000000
00110110000000001010000000000110000000
10010110000000010001000000000100000000
11010000000000010001000000000011100000
00010000000000010001000000000000100000
00011000000000001010000000000000000000
01100101000000000100000000000000000000
10010011000000000000000000000000000000
01100000000000000001100000000000000000
00000000000000000001000000000000000000
00000000000001100000111000000000000000
00000000000001100000001000000000000000