00001110000001000001000000111
00001001000011100011100001001
00001000000010110110100000001
00001000100000000000000010001
00001000100000000000000010001
00001000001001000001001000001
0000010100011010001011000101
000000000000110000011
0
0
0
0011100000000000000000000000111
01001000000000000000000000001001
00001000000000000000000000001
100010000000000000000000000010001
100010000000000000000000000010001
00001000000000000000000000001
01010000000000000000000000000101
0
0
0
0
0
0
0
0
0
0
0
0
0
0
0
0
0
0
0
0000011100000000000000000111
00001001000000000000000001001
00000001000000000000000001
000100010000000000000000010001
00000001000000000000000001
00001010000000000000000000101