011000000000000000000000000
110000000000000000000000000
001000000000000000000000000
000011000000000000000000000
000100000000000000000000000
000000000000000000000000000
000000010000000000000000000
000011001100000000000000000
000011001110000000000000000
000011000110000000000000000
000000000000110110000000000
000000000000111001000000000
000000000001110001001000000
000000000001100000010100000
000000000010100000000000000
000000000110000000001101100
000000000101000000001100010
000000001000000000000011000
000000000110000000000000011