000000000000001100000000000000
000000000000011000100000000000
000000000000000101100000000000
000000000001000001110000000000
000000000011000001000000000000
000000000010100000011000000000
000000000000000000001110000000
000000000000111000001000100000
000000000001110000000100100000
000001000000010100000011011000
000011111000000111000000011000
000010011000000010100001001000
000000110100000010010000001011
011000000000000000010100111000
110000000101000001100001000000
010100000011000000011001000000
011100000011100000011111000000
011000000000011000000000000000
000101000000000100000010000000
000000110000000100000010000000
000001110000011001100000000000
000000010000001011100001100000
000000001001000100000011100000
000000001001100000100111000000
000000000110010000000000000000
000000000000100000000000000000
000000000001100000000000000000
000000000001101000000000000000