0000000000011000000000000000000001000000000
0000000000001000000000000000000111000110000
0000000000001010000000000000001000000001011
0000000000000110000000000000001100010010011
0000000000000000000000000000000000010100000
0000000000000000000000000001100000001000000
0000000000000000000000000001100000000000000
0000000000000000000000000000000000001100000
0000000000000000000000000000000000001100000
0000000000000000000000000000000000000000000
0000000000000000000000000000000000000000000
0000000110000000011000000000000000000000000
0000000110000000000100000000000000000000000
0000000000000000100000000000000000000000000
0000000000000000011000100000000000000000000
0000001110000000000000110000000000000000000
0000001101001100000001010000000000000000000
0000000011001100000000000000000000000000000
0000000011000000000000000000001111000000000
0000000000000000000000000000010000100000000
0000000000000000000000000000010001010000000
0000000000000000000000000000001000101000000
0000000000000000000000000100000000001000000
0000000000000000000000001100000000001000000
0000000000000000000000001100000001001000000
0000000000000000000000001000000000110000000
0000000000000000000000000000000000000000000
0000000000000000000000000000000000000000000
0000011000000000000000000000000000000000000
0000010100000000000000000000000000000000000
0000001110000011000000000000000000000000000
0000000110000011000000000000000000000000000
0000010100000000000000000000000000000000000
1100101000011000000000000000000000000000000
1010010000001000000000000000000000000000000
0111100001110000000000000000000000000000000
0011000001000000000000000000000000000000000