00000000000011100000000000
00000000000010000000000000
00000000000001001100000000
00000000000000001100000000
00000000000011000000000000
00000000000001100000000000
00000000000010010000000000
00000000000000000000000000
00000000000000100100000000
00000000000000100010000000
00000000000000011101000000
00000000000000000000100000
11001010000000000000100000
10101100000000000001000000
10000100110000000000000110
00000010001000000110011001
00110000001000000100100000
00110000101000011000000000
00000000010000010001000100
00000000001001000011000000
00000000000110001000001010
00000000000000010000000011
00000000000000010000100000
00000000000000100010000000
00000000000000100000110000
00000000000000010000010000