0000000000001100000000000
0000000000000100000000000
0000000000000111000000000
0000000000000000000000000
0000000000000000000000000
0000000000000000000000000
0000000000000000000000000
0000000000000000000000000
0000000000000000000000000
0000000000000000000000000
0000000000000000000000000
0000000000000000000000000
0000000000000000000000000
0000000000000000000000000
0000000000000000000000000
0000000000000000000000000
0000000000000000000000000
0000000000000000000000000
0000000000000011000000000
0000000000000011000000000
0000000000000000000000000
0000000000000000000001011
0000000000000000000001101
0000000000000000000000000
0000000000000000000000000
0000000000000000000000000
0000000000000000000000000
0000000000000000000000000
0000000000000000000000000
0000000000000000000100000
0000000000000000001010000
0000000010000000000110000
0000000001100000000000000
0000000000110000000000000
0000000000001000000000000
0000000111110000000000000
0000000000100000000000000
0000000000000000000000000
0000000000000000000000000
0000000000000000000000000
0000000011111100000000000
0000000100000010000000000
0001101000000001011000000
0001101000000001011000000
0000000000110000000000000
0000000000000000000000000
0000000111001110000000000
0000000000000000000000000
0000111000000001110000000
0000001000000001000000000
1101010000000000101011000
1011010100000010101101000
0000001100000011000000000