000000000000000000000001100000000000000000000000011
000000000000000000000001100000000000000000000000011
0000000000000000000000000000000000000000011
00000000000000000000000000000000000000001001
0000000000000000000000000000000000000000011
0
000000000000000000000000000000000000111
000000000000000000000000000000000000101
000000000110000000000000000000000000111
00000000011000000000000000000000000011
00000000100100000000000000000000000111
00000000100101100000000000000000000101
00000000100001100000000000000000000111
000000000011011
000000000000000000000000000000011
0000000000000000000001100000001001
000000000000000000000110000000011
000000000000000000000000000000000000000000000000011
000000000000000000000000000000000000000000000000011
0
0000110000000000000000001
110000111100000000001100110111
110011011100000000001100001111
00001000000000000000000011