00000000011000000000000000000000
00000000011000000000000000000000
00000000000000000000000000000000
00000000011110000000000000000000
00000000010010000000000000000000
00000000000000000000000000000000
00000000000000000000000000000000
00011000000000000000000000000000
00001000000000000000000000000000
00001010000000000000000000000000
00000110000000000000000000001000
00000000000000000000000000001000
00000000000000000110000000001110
00000000000000000110000000000010
00000000000000000000000000000000
00000000000000000000000000000000
00000000000000000000000000000000
00000000000000000000000000100011
00000000000000000000110001010001
00000000000001111110010010100010
00000000000010000001100010000100
00000000000000000000011101111101
00000000000110000010100100000011
01000000001000011000010100011000
01100000011000000000001000010000
10100000011000000000000000001000
00000000001100000000000000011000
00000001100100100000000000000000
00000000010000111000000000000000
00000010111110000100000000000000
00000010000011111000000000000000
00000001111100100000000000000000
00000000000100000000000000000000
00000000010000000000000000000000
00000000011000000000000000000000