000000000000000000001100000000000000000000
000000000000000000001100000000000000000000
000000110000000000000000000000000000000000
000001100000000000000000000000000000000000
000000010000000000000000000000000000000000
000100000000000000000000000000000000000000
001100000000000000000011000000000000000000
001010000000000000000010000000000000000000
000000000000000000000010000000000000000000
000000000000000000000001000000000000000000
000000000000000000000000000000000000000000
000000000000000000000000000000000000000000
000000000000000000000000000000000000000000
000000000000000000000000000000000000000000
000000000000000000000000000000000000000000
000000000000000000000000000000000000000000
000000000000000000000000000000000000000000
000000000000000000000000000000000000000000
000000000000000000000000000000001001000000
000000000000000000000000000000000111000000
110000000000000000000000000000000000000011
110000000000000000000000000000000000000011
000000111000000000000000000000000000000000
000000100100000000000000000000000000000000
000000000000000000000000000000000000000000
000000000000000000000000000000000000000000
000000000000000000000000000000000000000000
000000000000000000000000000000000000000000
000000000000000000000000000000000000000000
000000000000000000000000000000000000000000
000000000000000000000000000000000000000000
000000000000000000000000000000000000000000
000000000000000000100000000000000000000000
000000000000000000010000000000000000000000
000000000000000000010000000000000000010100
000000000000000000110000000000000000001100
000000000000000000000000000000000000001000
000000000000000000000000000000000010000000
000000000000000000000000000000000001100000
000000000000000000000000000000000011000000
000000000000000000001100000000000000000000
000000000000000000001100000000000000000000