00000000000000000000110000000000
00000000001000000001010000000000
00000000010100111010100000000000
00000000001000101011000000000000
00000000000000001110000000000000
00000000000011000000111000000000
11000000000011101000000000000000
01000000000001110100000000000000
01010000000000011000000000000000
00110000011000000000000000000000
00000000000000000000000000000000
00000000010100000000000000000000
00000000111100110000000000000000
00110000110011110000000000000000
01010000000010100000000000000000
01000000000000000000000000000000
11000000000001100000000000000000
00000001100000000000000000000000
00000010111000000000000000111000
00000001011100000001110001000100
01110000001100000001110010000010
00000111000000000000000000000000
00001101010001000001010100000001
00010101110010100001010100000001
00101000000001000000000000000000
00110000000000000001110010000010
00000000000000000001110001000100
00000000000000000000000000111000