0000000000000011000000000000001100000000000000
0000000000000011000000000000001100000000000000
0000000000000000000000000000001100000000000000
0000000000000000000000000000000100000000000000
0000000000000110100000000000001010000000000000
0000000000000010100000000000011010000000000000
0000000000000001000000000000000000000000000000
0000000000000011000000000000000000000000000000
0000000000000011000000000000001100000000000000
0000000000000011000000000000001100000000000000
0000000000000000000000000000000000000000000000
0000000000000000000000000000000000000000000000
0000000000000000000000000000000000000000000000
0000110000000000000000000000000000000000010000
1111000011000000000000000000000000001110110011
1110110011000000000001110000000000001111000011
0000010000000000000010010000000000000000110000
0000000000000000000010100000000000000000000000
0000000000000000000001000000000000000000000000
0000000000000000000000000000000000000000000000
0000000000000000000000000000110000000000000000
0000000000000000000000000001001000000000000000
0000000000000001100000000000101000000000000000
0000000000000001010000000000011000000000000000
0000000000000001001000000000000000000000000000
0000000000000000110000000000000000000000000000
0000000000000000000000000000000000000000000000
0000000000000000000000001000000000000000000000
0000000000000000000000010100000000000000000000
0000110000000000000000100100000000000000100000
1100001111000000000000111000000000001100110111
1100110111000000000000000000000000001100001111
0000100000000000000000000000000000000000110000
0000000000000000000000000000000000000000000000
0000000000000000000000000000000000000000000000
0000000000000011000000000000000000000000000000
0000000000000000000000000000000000000000000000
0000000000000100010000000000001000000000000000
0000000000001000010000000000010100000000000000
0000000000010101000000100000100010000000000000
0000000000101010000000011000010001000000000000
0000000010000100000000110000001000100000000000
0000000010001000000000000000000100010000000000
0000000000000000000000000000000010100000000000
0000000000110000000000000000000001000000000000