0000000000000000011011000000000000000000
0000000000000000001010000000000000000000
0100000000000110100000101100000000000000
0010000000001010110001101010000000000000
1110000000010000001010000001000000000000
0000000000011111110001111111000000000000
0000000000000000000000000000000000000000
0000000000000111000000011100000000000000
0000000000001001000100010010000000000000
0000000000001100001010000110000000000000
0000000000000000001010000000000000000000
0000000000000000000100000000000000000000
0000000000000000000000000000000000000000
0000000000000000000000000000000000000100
0000000000000000000000000000000000000100
0000000000000000000000000011000000000111
0000000000000000000000000011000000000001
0000000000000000000000000000000000000000
0000000000000000000000000000000000000000
0000000000000000000000000000000000000000
0000000000000000000000000000000000000010
0000000000000000000000000000001100000001
0000000000000000011000001100000100000000
0000000000000000100100001010111000000000
0000000000001100010100000010100000000000
0000000011010100001000000011000000000000
0000000001010000000001100000000000000000
0000000010011000000001000000000000000000
0000000001100000000000111000000000000000
0000000000011000000000001000000000000000
0000000000010000000000000000000000000000
0000000000001000000000000000000000000000
0000000000011000000000000000000000000000