01000000000000000000000000010
10100000000000000000000000101
10010000000000000000000001001
01100000000000000000000000110
00000000000000000000000000000
10000000000000000000000000001
01000000000000000000000000010
11000000000000000000000000011
10000100000000000000000100001
00001010000000000000001010000
00010000000000000000000001000
00001100000000000000000110000
00010000000000000000000001000
00001110000000000000001110000
00000000000000000000000000000
00001101000000000000010110000
00001010100000000000101010000
00000010011000000011001000000
00000101000000000000010100000
00000001000000000000010000000
00000110000000000000001100000
00000000011000000011000000000
00000000011010001011000000000
00000000001000000010000000000
00000000000111011100000000000