00000000000000000000000000001100000001100
00000000000000000000000000001100000001100
00110000000110000000000000000000000000000
00110000000110000000000000000000000000000
00000000000000000000000000000000000000000
00000000000000000000000000000000000000000
00000000000000000000000000011000000000110
00000000000000000000000000000100000001000
01000000000001000000000000001100000001100
01100000000011000000000000101100000001101
10110000000110100000100000100000000000001
00000000000000000000100000000000000000000
11000000000001100000100000000000000000000
01000000000001000000000000100000000000001
01000000000001000000100000101100000001101
11000000000001100000100000001100000001100
00000000000000000000100000000100000001000
10110000000110100000000000011000000000110
01100000000011000000000000000000000000000
01000000000001000000000000000000000000000
00000000000000000000000000000000000000000
00000000000000000000000000000000000000000
00000000000000000000000000001100000001100
00000000000000000000000000001100000001100
00110000000110000000000000000000000000000
00110000000110000000000000000000000000000