0000001000000000001000000
0000000110000000110000000
0001010110000000110101000
0010100000000000000010100
0001000000000000000001000
0010000000000000000000100
1000000000110110000000001
0110000000010100000000110
0110000001010101000000110
0000000010100010100000000
0000001001000001001000000
0000001110000000111000000
0000000000000000000000000
0000001110000000111000000
0000001001000001001000000
0000000010100010100000000
0110000001010101000000110
0110000000010100000000110
1000000000110110000000001
0010000000000000000000100
0001000000000000000001000
0010100000000000000010100
0001010110000000110101000
0000000110000000110000000
0000001000000000001000000