0000000000000000000000000000000001
00000000000000001000000000000000101
00000010100000010000011000000001
000000100001000010111111000011
0000001011111111000000000010010111
0000000001000001000000011110000111
0000110000000000000000011101
0100110000000110000000011
01001
1
01001
0100110000000110000000011
0000110000000000000000011101
0000000001000001000000011110000111
0000001011111111000000000010010111
000000100001000010111111000011
00000010100000010000011000000001
00000000000000001000000000000000101
0000000000000000000000000000000001