00000000000001100000110000000000000
00000000000001100000110000000000000
00000000000000000000000000000000000
00000000000000000000000000000000000
00000000000000000000000000000000000
00000000000000110001100000000000000
00000000000001001010010000000000000
00000000000010001010001000000000000
00000000000000001010000000000000000
00000000000001110001110000000000000
00000000000000000000000000000000000
00000000000000000000000000000000000
00000001000011000000011000010000000
11000010010011000000011001001000011
11000100010000000000000001000100011
00000100010000000000000001000100000
00000011100000000000000000111000000
00000000000000000000000000000000000
00000011100000000000000000111000000
00000100010000000000000001000100000
11000100010000000000000001000100011
11000010010011000000011001001000011
00000001000011000000011000010000000
00000000000000000000000000000000000
00000000000000000000000000000000000
00000000000001110001110000000000000
00000000000000001010000000000000000
00000000000010001010001000000000000
00000000000001001010010000000000000
00000000000000110001100000000000000
00000000000000000000000000000000000
00000000000000000000000000000000000
00000000000000000000000000000000000
00000000000001100000110000000000000
00000000000001100000110000000000000