000000000000010000000000000
000000000000100100000000000
000000000000100100100000000
000000000000001000100000000
000000000000000000100000000
000000000000000000000000000
000000000000000000000000000
100000000000000000000000000
111000000000000000000000000
000100000000000000100000000
001100000000000000110000000
000000000000000001100000000
000000000000000000000000000
000000001100000000000000000
000000011000000000000001100
000000001000000000000001000
000000000000000000000000111
000000000000000000000000001
000000000000000000000000000
000000000000000000000000000
000000001000000000000000000
000000001000100000000000000
000000001001001000000000000
000000000001001000000000000
000000000000010000000000000