0000000000000001100000000
0000001100000000010000000
0000000100000010000000000
0000000101000001100000000
0000000011000000000000000
0000000000000000000000000
0000000000000000000000000
0000000000000000000000000
0000001000000001000000000
0000011000000000011000011
1100010001100011000100011
1100001100000000001100000
0000000001000000001000000
0000000000000000000000000
0000000000000000000000000
0000000000000000000000000
0000000000000001100000000
0000000011000001010000000
0000000000100000010000000
0000000100000000011000000
0000000011000000000000000