00000000011000011000000011
00000000010100101000000011
000000000001001
0000000000100001
0000000000110011
00000000000011
0
00000000000000000000000000000000000011
11000000000000000000000000100000011001
1001100000000000000000001101000001011
011010000000000000000000100100001
000001000001110000000000111000001
0000010000100100000000000000000001011
01101000001011000000000000000000011001
10011000000100000000000000000000000011
11
0
00000000000000000000000011
0000000000000000000000110011
0000000000000000000000100001
000000000000000000000001001
00000000000011000000010100101
00000000000011000000011000011