011
011000000000000000001
0000000000000000000101000000000000101
0000000000000000000010000000000001
11000000011000000000000000000000001001
110100000110000000000000000000000010101
000100000000000000000000000100000001001
00010000000000000000000000011000000011
10010000000000000000011000001
0110000000000000000001
000000000000000000000111
00000000000000000000000000000000000011
00000000000000000000000000000000000011
011
1001
1010100000000000000001010000110000011
010010000000000000000011000011000001101
000001000000000000100010000000000000001
001010000000000001010000000000000000001
000000000000000000100000000000000001001
00000000000000000000000000000000000011