1000000000000000000000000000000000000000000000000000000
0110000000000000000000000000000000000010000000000000000
1100000000000000000000000000000000000101000000000000000
0000000000000000000000000000000000000010000000000000000
0000000000000000000000000000000000000000000000000000000
0000000000000000000000000000000000001111100000000000000
0000000000000000000000000000000000010000100000000000011
0000000000000000000000000000000000100100000000011000001
0000000000000000000000000000000100101100000000010101110
0000000000000000000000000000001010100000100000000101000
0000000000000000000000000000000100100001010000000110000
0000000000000000000000000000000000110010010000000000000
0000000000000000000000000000000000000001100000000000000
0000000000000000000000000000000000000000000000000000110
0000000000000000000000000000100000000000000000000000110
0000000000000000000000000000111000000000000000000000000
0000000000000000000000000000000100000000000000000000000
0000000000000000000000000000001100000000000000000000000
0000000000000000000000000000000000000000000000000000000
0000000000000000000000000000000000000000000000000000000
0000000000000000000000000000000000000000000000000000000
0000000000000000000000000000000000000000000000000000000
0000000000000000000000000000000000000000000000000000000
0000000000000000000000000000000000000000000000000000000
0100000000000000000000000000000000000000000000000000000
0111000000000000000000000000000000000000000000000000000
0001000000000000000110000000000000000000000000000000000
0001000000000000000110000000000000000000000000000000000
0000000000000000000000000000000000000000000000000000000
0000000000000000000000000000000000000000000000000000000
0000000000000000000000000000000000000000000000000110000
0000000000000000000000000000000000000000000000000110000
0000000000000000000000000000000000000000000000000000000
0000000000000000000000110000000000000000000000000000000
0000000000000000000000010000000000000000000000000000011
0000000000000000000011100000000000000000000000000000010
0000000000000000000010000001100000000000000000000001010
0000000000000000000000000010100000000000000000000001100
0000000000000000000000000010000000000000000000000000000
0000000000000000000000000110000000011000000000000000000
0000000000000000000000000000000000011000000000000000000
0000000000000000000000000000000000000000000000000001100
0000000000000000000000000000000000000000000000000001010
0000000000000000000000000000000000000000000000000000010
0000000000000000000000000000000000000000000000000000011
0000000000000000000000000000000000000000000000000000000
0000000000000000000000000000000000000000000110000000000
0000000000000000000000000000000000000000000110000000000