00000000000000000000000000010000000000
00100000000000000000000000101000000000
00100000000000000000000000101000000000
11100000000011000000000001101110000000
10000000000011000000000000000001000000
00000000000000000000000001101110000000
00000000000000000000000001101000000000
00000000000000000000000000000000000000
00000000000000000000000000000000000000
00000000000000000000000000000000000000
00000000000000000000000000000000000000
00000000000000000000000000000000000000
00000000000000000000000000000000000000
00000000000000000000000000000000000000
00000000000000000000000000000000000000
00000000000000000000000000000000000011
00000000000000000000000000000000000011
00000000000000000000000000000000000000
00000000010000000000000000000000000000
00000000010100000000000000000000000000
00000000011100000000000000000000000000
00000000000100000000000000000000000000
00000000000000000000000000000000000000
00000000000000000000000110000000000000
00000000000000000000000100000000000000
00000000000000000000000011100000000000
00000000000000000000000000100000000000