000000000000010000000000000000000000000000
000011000001110000000110000000000000000000
000001000010000000000100000000000000000000
000001010001000000000010000000000000000000
000000101000100000000110000000000000000000
000000010001100000000000000000100000010000
000000000000000000000000000011100000101000
000000000000000000000000000100000000101000
000000000000000000000000000110000001101110
000000000000000000000000000000000000000001
001000000000000000110000000000000001101110
001000000000000000110000000000000001101000
111000000000000000000000000000000000000000
100000000000000000000000000000000000000000
000000000000000000000000000000000000000000
000000000000000000000000000000000000000000
000000000000000000000000000000000000000011
000000000000000000000000000000000000000010
000000000000000000000000000000000000001010
000000000000000000000000000000000000001100
000000000000000000000000000000000000000000
000000000000000000000000000000000000000000
000000000000000000000000000000000000000000
000000000000000000000000000000000000000000
000000000000000000000000000000000000000000
000000000000000000000000000000000000000000
000000100000000000000000000000000000000000
000000101000000000000000000000000000000000
000000111000000000000000000000000000000000
000000001000000000000000000001100000000000
000000000000000000000000000001000000000000
000000000000000000110000000000100000000000
000000000000000000110011000001100000000000
000000000000000000000010100000000000000000
000000000000000000000000100000000000000000
000000000000000000000000110000000000000000