0000100000000010000000000000000000
0000111000001110000000000000000000
0100000100010000000000000000000000
0010001100011000000000000000000000
1110000000000000000000000000000000
0000000001000000000000000000000000
0000000010100000000000000000000000
0000000010100000000000000000000000
0000000001000000000000000000000000
0000000000000000000000000000000100
0000000000000000000000000000000100
0000000000000000000011000000000111
0000000000000011000011000000000001
0000000011000110000000000000000000
0000000100100001000000000000000000
0011000011000000000000000000000000
0101000000000000000000000000000000
0100000000000000000000000000000000
1100000000000000000000000000000000
0000000000110000000000000000000000
0000000000100000000000000000000000
0000000000011100000000000000000000
0000000000000100000000000000000000