00011101011100000000000000000000
00000001100011100000000000000000
01110100100010000000000000000000
00011100110000100000000000000000
00000000000011000000000000000000
00100000111101001010011100000000
01011110001110001010110010000000
00000100000101000100110100000000
00000000000000000000001000000000
00000000000000001000000001110000
00000011000000001110000001101100
00110100100000001001000000101011
00110110100000000110000001100011
00000010110000000110000001101011
00000010010001100000000000011100
00011011000001100000000001000000
00010010000000000110000011000000
01010010100000001010010000100000
01100001100010001100010000110000
00000000000101000000001111100000
00000000000010000000000001000000
00000000000000000000000000000000
00000000000000000000000000000000
00000000000011000010010010100100
00000000000010100101001010111000
00000000000000100010011100000110
10110111000000110001101000110000
10011011000000000010011011101110
00111110000000000001001010000110
11100010000001101101011111101111
10100110000001101111010011100110
00111000000000000000000000000000