0000000000000000010000000000000000000
0000000000000000101000000000000000000
1100000000000000011001100000000000000
0100000000000000000001100000000000000
0101000000000000000000000000000000000
0011000000000000000000000000000000000
0000000000000000000000000000000000000
0000000000000000000000000000000000000
0000000000000000000000000000000000000
0000000000000000000000000000000000000
0000000000000000000000000000000000000
0000000000000000000000000000000000000
0010000000000000000000000000000000000
0010100000000000000000000000000000000
0011100000000000000000000000000000000
0000100000000000000000000000000000000
0000000000000000000000000000000000100
0000000000000000000000000000000000100
0000000000000000000000011000000000111
0000000000000000000000011000000000001
0000000000000000000000000000000000000
0000000000000000000000000000000000000
0000000000000000000000000000000000000
0000000000000000000000000000000000000
0000000000000000000000000001100000000
0000000000000000000000000000100000000
0000000000000000000000000111000000000
0000000000001101100000000100000000000
0000000000010101010000000000000000000
0000000001110001010000000000000000000
0000000010000101011100000000000000000
0000000001110110100010000000000000000
0000000000010000100110000000000000000
0000000000000111000000000000000000000
0000000000001100000000000000000000000