00000000000000000000000000000000011000000000000000000000
00000000000000000000000000000000001000000000000000000000
00000000000000000000000000000000010000000000000000000000
00000000000000000000000000000000011000000000000000000000
00000000000000000000000000000000000000000000000000000000
00000000000000000000000000000000000000000000000000000000
01100000000000000000000000000000000000000000000000000000
11101100000000000000000000000000000000000000000000000000
01101110110000000000000000000000000000000000000000000000
11101100110000000000000000000000000011000000000000000100
11000000000000000000000000000000000011000000000000000100
00000000000000000000000000000000000000000000000000000111
00000000000000000000000000000000000000000000000000000001
00000000000000000000000000000000000000000000000000000000
00000000000000000000000000000000000000000000000000000000
00000000000000000000000000000000000000000000000000000000
00000011000000000000000000000000000000000000000000000000
00000101000000000000000000000000000000000000001100000000
00000100000000000000000000000000000000000000000100000000
00001100000000000000000000000001100000000000111000000000
00000000000000000000000000000001100000000000100000000000
00000000000000000000000000000000000000000000000000000000
00000000000000000000000000000000000000000000000000000000
00000000000000000110000000000000000000000000000000000000
00000000000000000010000000000000000000000000000000000000
00000000000000011100000000000000000000000000000000000000
00000000000000010000000000000000000000000000000000000000
00000000000000000000000000011000000000000000000000000000
00000000000000000000000000010000000000000000000000000000
00000000000000000000000000001110000000000000000000000000
00000000000000000000000000000010000000000000000000000000