000000010000000000000000010000000
000000111000000000000000111000000
000001100001110000011100001100000
000110100111001000100111001011000
000010100101000101000101001010000
011010101010000101000010101010110
011000101000010000010000101000110
011101000100001010100001000101110
110000000001101010101100000000011
000000000000100000001000000000000
000000000110100000001011000000000
000000000010000000000010000000000
000000011010000000000010110000000
000000011000000000000000110000000
000000010101011101110101010000000
000000110001000101000100011000000
000000100100010101010001001000000
000000000110000101000011000000000
000001100001000101000100001100000
000000000101101000101101000000000
000000000010101010101010000000000
000000000000100101001000000000000
000000000001010000010100000000000