000000000101
000000001001
000000011
00000010001
0000011101
0011
010001111100000001111000001001
10001000000000000100010001
100000110000000001000000010001
11100011110000000010010001111
0100000001
011000000000000000000011
010100000000000000000011
011001101000000001010011
001011101000101111010011
000000000110101100100011000111
000011111101100011110011000111
000001000011100000010011000111
000000110000011001100011
000000010010000011110011
000000001010110000010011
000000000000000000000011
0
00000000000000000010010001111
000000000000000001000000010001
00000000000000000100010001
000000000000000001111000001001