0000011000000000000000000000000000000
0000001001100000000000000000000000000
0000001010100011000000000000000000000
0000000100000001000000000000000000000
0000000000000001110000000000000000000
0000000001000000000000000000000000000
0000000010100000000000000000000000000
0000000001000000000000000000000000000
0000001110000000000000110000000000000
0000001000000000000000010000000011000
0000000000000000000000010110000010000
1100000000000000000000110101000001000
0100000000000000000000000001000011000
0101000000000000000000000011011000000
0011000000000000000000001101010111110
0000000000000000000000010101000000001
0000000000000000000000110110111100011
0000000000000000000000100010000010000
0000000000000000000000100000001100000
0000000000000000000000100000001100000
0000000000000000000000100010000010000
0010000000000000000000110110111100011
0010100000000000000000010101000000001
0011100000000000000000001101010111110
0000100000000000000000000011011000000
0000000000000000000000000001000011000
0000000000000000000000110101000001000
0000000000000000000000010110000010000
0000000000000000000000010000000011000
0000000000000000110000110000000000000
0000000000000000100000000000000000000
0000000000000000011100000000000000000
0000000000000000000100000000000000000