000000000000000000000000011000001100
000000000000000000000000011000001100
000000000000000000000000000000000000
000000000000000000000000000000000000
000000000000000000000000000000000000
000000000000000000000000000000000000
000000000000000000000000000000000000
000000000000000000000000000000000000
000000000000000000000000000000000000
000000000000000000000000001000001000
000000000000000000000000011100011100
000000000000000000000000110100010110
000000000000000000000000000000000000
000000000000000000000000000000000000
000000000000000000000000000100010000
000000000000000000000000000100010000
000000000000000000000000000000000000
000000000000000000000000000000000000
000000000000000000000000000000000000
000000000000000000000000000000000000
000000000000000000000000000000000000
000000000000000000000000000000000000
000000000000000000000000000000000100
000000000011000000000000000000000011
110000000101000000000000000000000110
110000000100000000000000000000000000
000000000111000000000000000000000000
000000000000000000000000000000000000
000000000000000000000000000000000000
000000000000000000000000000000000000
000000000111000000000000000000000000
110000000100000000000000000110000000
110000000101000000000000000110000000
000000000011000000000000000000000000