0001011000000000000000000000000000000
0001101000000000011000000000000000000
0110000000000000011000000000000000000
1000110000000000000000000000000000000
1011010001100000000000000000000000000
0110000010100000000000000000000000000
0001000010000000000000000000000011011
0001001000100000000000000011010101010
0001101010000000000000000100000001001
0001000010000000000000000110000100111
0011100001001000000000000010111100000
0001000010000000101100001000000101100
0001101010000000101000000010001000010
0001001000100001101000000010000101110
0001000010000000000000100100000000000
0110000010100000000000000010000101110
1011010001100000000000000010001000010
1000110000000000000000001000000101100
0110000000000000001000000010111100000
0001101000000000000110000110000100111
0001011000000110001100000100000001001
0000000000000010000000000011010101010
0000000000011100000000000000000011011
0000000000010000000000000000000000000