00000000100000000000000000000000000000000000000000
00110001001001110000100000000000000000000000000000
00100110101010000101010011000000000000000000000000
00000000000000000100000001000000000000000000000000
00010100000001100000110100000000000000000000000000
00001000000000000000000110000000000000000000000000
00000000000000000000000000000000000000000000000000
00000000000000000000000000000000000000000000000000
00000000011000000000000000000000000000000000000000
00000000011000000000000000000000000000000000000000
00000000000000000000000000000000000000000000000000
00000000000000000000000000000110000000000000000000
00000000000000000000000000000100000000000000000000
00000000000000000000000000010100000000000000000000
00000000000000010000000000011000000000000000000000
11000000000000111000000000000000000000000000000000
11000000000001000100000000000001100000000000000000
00000000000001101100000000000001000000000000000000
00000000000000000000000000000000000000000000001000
00000000000000000000000000000000000000000000010100
00000000000000000000000000000000000000000000010100
00000000000000000000000000000000000000000000110110
00000000000001101100000000000000000000000000000010
11000000000001000100000000000000000000000000110100
11000000000000111000000000000001100000000000110101
00000000000000010000000111000010010000000000000011
00000000000000000000000010000001110000000000000000
00000000000000000000000011000000100000000000000000
00000000000000000000000000100000000000000000000000
00000000000000000000000010100000000000000000000000
00000000011000000000000010100000000000000000000000
00000000011000000000000000000000000000000000000000
00000000000000000000000000000011000000000000000000
00000000000000000000000000000010000000000000000000
00001000000000000000000110000001110000000000000000
00010100000001100000110100000000010000000000000000
00000000000000000100000001000000000000000000000000
00100110101010000101010011000000000000000000000000
00110001001001110000100000000000000000000000000000
00000000100000000000000000000000000000000000000000