0000000000000000000000000000000110000000000000000
0000000000000000000000000000000110000011000000000
0000000000000000000000000000000000000011000000000
0000000000000000000000000000000000000000000000000
0000000000000000000000000000000000000000000000000
0000000110000000011000000000000000001100000000000
0000000110000000001000000000000000001100000000000
0000000000000000001010000000000000000000001100000
0000000000000000000110000000000000000000001100000
0110000000000000000000000000000000000000000000000
0110000000000000000000000000000000000000000000000
0000011000000000000000000000000000000000000000000
0000011000000000000000100000000000000000000000000
0000000000000000000000101000000000000000000000000
0000000000000000000000111000000000000000000000000
0000000000000000000000001000000000000000000000000
1100000000000000000000000000000000000000000000000
1100000000000000000000000000000000000000000110000
0000000000000000000000000000000000000000000100000
0000000000000000000000000000000000000000010100000
0000000000000000000000000000000000000000011000000
0000000000000000000000000000000000000000000000000
0000000000000000000000000000000000000000000000000
0000000000000000000000000000000000000000000000000
0000000000000000000000000000000000000000000000000
0000000000000000000000000000000000000000000000000
0000000000000000000000000000000000000000000000000
0000000000000000000000000000000000000000000000000
0000000000000000000000000000000000000000000000000
0000000000000000000000000000000000000000000000000
0000000000000000000000000000000000000000000000000
0000001100000000000000000000000000000000000000011
0000001000000000000000000000000000000000000000011
0000000100000000000000000000000000000000000000000
0000001100000000000000000000000000000000000000000
0000000000000000000000101000000000000000000000000
0000000000000000000000011000000000000000001100000
0000000000000000000000010000000000000000001100000
0000000000000000000000000000000000000000000000110
0000000000000000000000000000000000000000000000110
0000011000000000000000000000000000000000000000000
0000011000000000000000000000000000000000000000000
0000000000011000000000000000000000000000110000000
0000000000011000000000000000000000000000110000000
0000000000000000000000000000000000000000000000000
0000000000000000000000000000000000000000000000000
0000000001100000000000000000000000000000000000000
0000000001100000110000000000000000000000000000000
0000000000000000110000000000000000000000000000000