000000010000000110000000000101100001101000
000000011100000110000000000110010010011000
000000000010000000000000011000100001000110
000000000110000000000000100011011110110001
000000000000000000000000011101010010101110
000000000000100000000000000101010010101000
000000000001010000000000000000100001000000
000000000010001000000000000000011110000000
000000000010001000000000000000000000000000
000000000010001000000000000000000000000000
000000000001010000000000000000000000000000
000000000000100000000000000000000000000000
000000000000000000000000000000000000000000
000001100000000000000000000000000000000000
000001100000000000000000000000000001100000
000000000000000000000000000000000001100000
000000000000000000000000000000000000000000
000000000000000000000000000001000000000000
000000000000000000000000000010100000000000
000000000000000000000000000100010000000000
000000000000000000000000000100010000000000
000000011110000000000000000100010000000000
000000100001000000000000000010100000000000
000101010010101000000000000001000000000000
011101010010101110000000000000000000000000
100011011110110001000000000000011000000000
011000100001000110000000000000010000000000
000110010010011000000000011000001110000000
000101100001101000000000011000000010000000