000000000000000100100100000000000000000000000000
000000000000000111111100000000000000000000000000
000000000000000000000000000000000000000000000000
000000000000000111111100000000000000000000000000
000000000000000100100100000000000000000000000000
000000000000000000000000000000000000000000000000
000000000000000000000000000000000000000000000000
000000000000000000000000000000000000000000000000
000000000000000000000000000000000000000000000000
000000000000000000000000000000000000000000000000
000000000000000010010000000000000000000000000000
000000000000110010010000000000000000000000000000
000000000000110010010000000110000000000000000000
000000000000000000000000000110000110001001000110
000000000000000000000000000000000111110000111110
000000000000000000000000000000000110001001000110
000000000000000000000000000111000000000000000000
000000000000000000000000000000000000000000000000
110110000000000000000000000000000000000000000000
010100000000000000000000000111000000000000000000
010100000011100000000000000000000000000000000000
110110000000000000000000000000000010100000000000
010100000000000000000000000000000001100000000000
010100000011100000000000000000000001000000000000
110110000000000000000000000000000000000000000000
000000000000000000000000000000000000000000000000
000000000001100000000000000000000000000000000000
000000000001100000001001001100000000000000000000
000000000000000000001001001100000000000000000000
000000000000000000001001000000000000000000000000
000000000000000000000000000000000000000000000000
000000000000000000000000000000000000000000000000
000000000000000000000000000000000000000000000001
000000000000000000000000000000000000000000000101
000000000000000000000000000000000000000000000011
000000000000000000100100100000000000000000000000
000000000000000000111111100000000000000000000000
000000000000000000000000000000000000000000000000
000000000000000000111111100000000000000000000000
000000000000000000100100100000000000000000000000