00000000000000000110000001100000000000000000
00000000000000000110000001100000000000000000
00000000000000000000000000000000000000000000
00000000000000000000000000000000000000000000
00000000000000000000000000000000000000000000
00000000000000000000000000000000000000000000
00000000000000000000000000000000000000000000
00000000000000000000000000000000000000000000
01100000000000000000000000000000000000000110
10100000000000000000000000000000000000000101
10101100000000000000000000000000000000110101
01010100000000000000000000000000000000101010
00010000000000000000000000000000000000001000
00100100000000000001000010000000000000100100
00100000000000000011000011000000000000000100
00100010000000000100000000100000000001000100
00100010000000000011000011000000000001000100
00100000000000000001000010000000000000000100
00100100000000000000000000000000000000100100
00010000000000000000000000000000000000001000
01010100000000000000000000000000000000101010
10101100000000000000000000000000000000110101
10100000000000000000000000000000000000000101
01100000000000000000000000000000000000000110
00000000000000000000000000000000000000000000
00000000000000000000000000000000000000000000
00000000000000000000000000000000000000000000
00000000000000011000000000000000000000000000
00000000000000001000000000000000000000000000
00000000000001110000000000000000000000000000
00000000000001000000000000000000001100000000
00000000000000000011000000000000001010000000
00000000000000000011000000000000000010000000
00000000000000000000000000000000000011000000
00000000000000000000000000000000000000000000
00000000000000000000000000000000000000000000
00000000000000000000000000000000000000000000
00000000000000000000110000000000000000000000
00000000000000000001010000000000000000000000
00000000000000000001000000000000000000000000
00000000000000000011000000000000000000000000