0000000000111000111
0
000000001000010100001
000000001000010100001
000000001000010100001
0000000000111000111
0
000000001110000000111
001110010000100010000100111
0000000100001000100001
10000101000010001000010100001
10000100000000000000000100001
10000100111000000011100100001
001110000000000000000000111
0
001110000000000000000000111
10000100111000000011100100001
10000100000000000000000100001
10000101000010001000010100001
0000000100001000100001
001110010000100010000100111
000000001110000000111
0
0000000000111000111
000000001000010100001
000000001000010100001
000000001000010100001
0
0000000000111000111