000000000000000000000000000000000000000000000000000000000000000000000000000011
0000000000000000000000000000000000000000000000000000000000000000000000000001101111
0000000000000000000000000000000000000000000000000000000000000000000000000000111111
000000000000000000000000000000000000000000000000000000000000000000000000000001111
0000000000000000000000000000000000000000000000000000000000000000111
00000000000000000000000000000000000000000000000000000000000000011111
00000000000000000000000000000000000000000000000000000000000000110111
00000000000000000000000000000000000000000000000000001100000000011
0000000000000000000000000000000000000000000000000001101111
0000000000000000000000000000000000000000000000000000111111
000000000000000000000000000000000000000000000000000001111
0
0
0000000000000000000000000000000000000000000011
0000000000000000000000000000000000000000000110110000000000000000000000000011
000000000000000000000000000000000000000000001111000000000000000000000000100001
000000000000000000000000000000000000000000000110000000000000000000000001
000000000000000000000000111111000000000000000000000000000000000000000001000001
00000000000000000000000010000010000000000000000000000000000000000000000111111
0000000000000000000000001
0000000000000000000000000100001
00000000000000000000000000011
0
0000000000000000000000000000000000000000000000000000001111
00000000000000000000000000000000000000000000000000000111111
00000000000000000000000000000000000000000000000000001101111
0001000000000000000000000000000000000000000000000000011
010001
1
100001
11111
0
0
000000000000000000001
0110000000000110100101
1101110000001010111101
0111100011101
0011000000001010111101
0000000000000110100101
000001100000000000001
000100001
001
001000001
00111111
0
0
0000000000000000000000000000000000000000000000000000011
00000000000000000000000000000000000000000000000000001101111
00000000000000000000000000000000000000000000000000000111111
0000000000000000000000000000000000000000000000000000001111
0
00000000000000000000000000011
0000000000000000000000000100001
0000000000000000000000001
00000000000000000000000010000010000000000000000000000000000000000000000111111
000000000000000000000000111111000000000000000000000000000000000000000001000001
000000000000000000000000000000000000000000000110000000000000000000000001
000000000000000000000000000000000000000000001111000000000000000000000000100001
0000000000000000000000000000000000000000000110110000000000000000000000000011
0000000000000000000000000000000000000000000011
0
0
000000000000000000000000000000000000000000000000000001111
0000000000000000000000000000000000000000000000000000111111
0000000000000000000000000000000000000000000000000001101111
00000000000000000000000000000000000000000000000000001100000000011
00000000000000000000000000000000000000000000000000000000000000110111
00000000000000000000000000000000000000000000000000000000000000011111
0000000000000000000000000000000000000000000000000000000000000000111
000000000000000000000000000000000000000000000000000000000000000000000000000001111
0000000000000000000000000000000000000000000000000000000000000000000000000000111111
0000000000000000000000000000000000000000000000000000000000000000000000000001101111
000000000000000000000000000000000000000000000000000000000000000000000000000011