000000000000000000000000000100000000000
000000000000000000000000010100000000000
000000000000000110000001100000000000011
000000000000001000100001100000000000011
000110000000010000010001100000000000000
000110000000010001011000010100000000000
000000000000010000010000000100000000000
000000000000001000100000000000000000000
000000000000000110000000000000000000000
000000000000000000000000001000000000000
000000000000000000000000000110000000000
000000000000000000000000001100000000000
000000000000000000000000000000000000000
000000000000000000000000000000000000000
000000000000000000000000000000000000000
000000000000000000000110000000000000000
000000000101000000000011000000000000000
000000000100100000000100000000000000000
110000000000110000000000011000000000000
110000000010001100000000101000000000000
000001100000110000000001000000110000000
000010000100100000000001001001001000000
000000000101000000000001000000111000000
000000000000000000000000101000001110000
000000000000000000000000011000000101000
000000000000000000000000000000000001000
000000000000000000000000000000000001100