0110000000000000000000000011
011000000000000000000000001
000000000000000000000000101
00000000000000011000000011
110000000000000101
1100000000000001011
000000000000000011
00000000000000001
0000000000000000000000000000000000000000000011
0000000000000000100000000000000000000000000011
000000000000000011
1100000000000001011000000000000010001
11000000000000010100000000000001000001000000011
00000000000000011000000000000001000000000000011
0000000000000000000000000000000110001
011000000000000000000000000000000111
011
000000000000000000000000000000000111
0000000000000000000000000000000110001
00000000000000000000000000000001000000000000011
00000000000000000000000000000001000001000000011
0000000000000000000000000000000010001
0
0000000000000000000000000000000000000000000011
0000000000000000000000000000000000000000000011
0
0
0
00
000000000000000000000000000000000000011
0000000000000000000000000000000000000101000000011
0000000000000000000000000000000000000001000000011
0000000000000000000000000000000000000111
0000000000000000000000101
000000000000000000000111
000000000000000000000111
0000000000000000000001000000000000000111
0000000000000000000000000101000000000001
0000000000000000000001100001000000000101
000000000000000011000010001100000000011
0000000000000001010000001
0000000000000001
0000000000000011